nse = 0.07063521634253923
nnse = 0.5183053036265742
r2 = -0.022580253160286532
nr2 = 0.4944179586631965
rmse = 0.3451092323700839
abs bias = -0.2617072584342566
rel bias = -89.98879140024714
