nse = 0.4003059611714014
nnse = 0.6251195389415003
r2 = 0.2604971145955039
nr2 = 0.5748768848793628
rmse = 0.2648467894263311
abs bias = -0.11327127686219131
rel bias = -37.28288072723859
