
%%%%%%%%%%%%%%%%%%%%%%%%%%%%%%%%
TOTAL ERROR INDICATORS:
rmse: 7.72642
NSE: 0.51639
R2: 0.72607
NNSE: 0.67403
NR2: 0.78497
Bias: -0.35608
RelBias: -46.92501
Pearson: 0.91244
%%%%%%%%%%%%%%%%%%%%%%%%%%%%%%%%
