
%%%%%%%%%%%%%%%%%%%%%%%%%%%%%%%%
TOTAL ERROR INDICATORS:
<<<<<<< HEAD
rmse: 0.02004
NSE: 0.26011
R2: 0.43157
NNSE: 0.57475
NR2: 0.63758
Bias: -0.00061
RelBias: -73.98895
Pearson: 0.93082
=======
rmse: 7.72642
NSE: 0.51639
R2: 0.72607
NNSE: 0.67403
NR2: 0.78497
Bias: -0.35608
RelBias: -46.92501
Pearson: 0.91244
>>>>>>> temp-branch
%%%%%%%%%%%%%%%%%%%%%%%%%%%%%%%%
