
%%%%%%%%%%%%%%%%%%%%%%%%%%%%%%%%
TOTAL ERROR INDICATORS:
rmse: 0.02004
NSE: 0.26011
R2: 0.43157
NNSE: 0.57475
NR2: 0.63758
Bias: -0.00061
RelBias: -73.98895
Pearson: 0.93082
%%%%%%%%%%%%%%%%%%%%%%%%%%%%%%%%
