
%%%%%%%%%%%%%%%%%%%%%%%%%%%%%%%%
TOTAL ERROR INDICATORS:
rmse: 0.16777
NSE: -0.16732
R2: -0.24975
NNSE: 0.46140
NR2: 0.44449
Bias: -0.00419
RelBias: -42.90493
%%%%%%%%%%%%%%%%%%%%%%%%%%%%%%%%
