
%%%%%%%%%%%%%%%%%%%%%%%%%%%%%%%%
TOTAL ERROR INDICATORS:
rmse: 66.81341
NSE: 0.03817
R2: 0.04217
NNSE: 0.50973
NR2: 0.51077
Bias: -0.79873
RelBias: -96.10789
Pearson: 0.21462
%%%%%%%%%%%%%%%%%%%%%%%%%%%%%%%%
